2.777842782524814425e+00
2.787121228841637155e+00
2.791543996433623498e+00
2.797148925266406128e+00
2.805468391225651281e+00
2.812842327460906233e+00
2.817259116993520607e+00
2.834491869476288173e+00
2.822868529370832213e+00
2.810720614555491270e+00
2.815329200159621958e+00
2.815484131531676759e+00
2.819636890108699223e+00
2.827798933837817330e+00
2.837521251063004790e+00
2.847532009652887108e+00
2.859408420938420292e+00
2.874872664190329719e+00
2.882493195374675743e+00
2.884479405600993474e+00
2.871138867940956185e+00
2.868999220857425758e+00
2.855859944529575589e+00
2.849922237058423402e+00
2.845430721783659855e+00
2.850560394896374916e+00
2.853465731751124501e+00
2.857403280190758288e+00
2.873562472844652049e+00
2.885204743471452282e+00
2.881239297421417156e+00
2.877691319184187080e+00
2.873253606443769925e+00
2.850391016547503931e+00
2.817219761435989067e+00
2.789008801088318723e+00
2.737809213425956845e+00
2.662323759565200731e+00
2.599312522927168523e+00
2.497322346497807821e+00
2.389678420417461258e+00
2.284986659323609892e+00
2.160757603859119858e+00
2.036205235016931514e+00
1.915045414868304707e+00
1.789718887337453879e+00
1.663794055697797702e+00
1.558683830447913143e+00
1.449077108207122100e+00
1.347456076943977399e+00
1.259987603072221241e+00
1.163937126800470567e+00
1.091638476756557674e+00
1.020271407631434535e+00
9.476195539129647072e-01
8.973316203048201656e-01
8.347632582319239880e-01
7.831930308885043379e-01
7.360884138959035150e-01
6.915174977337650297e-01
6.455018838900810074e-01
6.112625488374507920e-01
5.784225778494622716e-01
5.416928828968160525e-01
5.171833376435881480e-01
4.791040957877323869e-01
4.494439542139874177e-01
4.241816716515128260e-01
3.938803832101300251e-01
3.679226530740561385e-01
3.522372216253857324e-01
3.233671802319617039e-01
2.966223389452526948e-01
2.916670258975514463e-01
2.649784780032612419e-01
2.462063752322266041e-01
2.351479617374168385e-01
2.116771043000582608e-01
1.909422053685791709e-01
1.785476956041466556e-01
1.697126220240742223e-01
1.574755344897688092e-01
1.556138671670323770e-01
1.594911368413318986e-01
1.502884126098865403e-01
1.570904478318947695e-01
1.568224315033871497e-01
1.556073909360458363e-01
1.453704624332595452e-01
1.399842309391663431e-01
1.365687663513467653e-01
1.373653427626542189e-01
1.402482618947590853e-01
1.306056521278636806e-01
1.340734247351877129e-01
1.311730695965811488e-01
1.312647331736172263e-01
1.133305550578789789e-01
1.069708962293924592e-01
9.740500489110341664e-02
