3.036091497435512987e-01
3.043354666917736928e-01
2.997136645928356602e-01
2.900935099597640177e-01
2.816234884551139794e-01
2.737222314153409108e-01
2.708823479030396109e-01
2.704506540986731378e-01
2.703332774985807707e-01
2.683158179493426165e-01
2.641603712011070804e-01
2.652214871764385085e-01
2.632040276272002988e-01
2.654144889685365882e-01
2.659478041246608471e-01
2.673657764747697230e-01
2.711753955220621015e-01
2.743295962386375075e-01
2.797446750912198077e-01
2.857592411429313861e-01
2.936092936256172181e-01
2.970415744752972209e-01
3.103508205059020697e-01
3.209288942377138687e-01
3.327153955167851396e-01
3.491819933136322551e-01
3.650735245462685130e-01
3.766276359124052786e-01
3.970220171190538827e-01
4.149396732875123561e-01
4.389380675506875384e-01
4.628750163453579924e-01
4.921199083039357602e-01
5.167516635501594457e-01
5.468181917093837274e-01
5.816806174616426794e-01
6.164989285185649148e-01
6.545974822787389291e-01
6.984356730071867858e-01
7.534632411028268084e-01
8.173413199503959392e-01
8.949398568101015750e-01
9.895721804066976990e-01
1.091243161196751021e+00
1.211204409778374513e+00
1.346052792511307050e+00
1.490145567204532728e+00
1.651014530324379059e+00
1.816562014437167027e+00
1.988474618877110967e+00
2.165120099916751251e+00
2.341743523608723621e+00
2.514241435524295465e+00
2.683035288556417264e+00
2.847586253212046170e+00
3.006698506142590599e+00
3.155932218367377917e+00
3.303154773142259693e+00
3.439210795660035291e+00
3.562980875526534419e+00
3.682126790006845063e+00
3.794352999418625139e+00
3.892739010930925669e+00
3.994640806109079900e+00
4.084772643018913740e+00
4.164691140195880159e+00
4.243457140957175966e+00
4.315447597172200389e+00
4.373587614576329941e+00
4.424487307608319320e+00
4.454644428445466708e+00
4.475938434332017657e+00
4.497723216204190244e+00
4.518802950713391553e+00
4.531335463001103570e+00
4.547907620961791686e+00
4.569574238471454386e+00
4.599405225668077080e+00
4.631459278404705060e+00
4.660625394121609588e+00
4.684404002670516931e+00
4.709440667798938662e+00
4.728093306302204368e+00
4.738020688277799763e+00
4.746367031083022603e+00
4.757885693140407213e+00
4.778382483461229846e+00
4.789345773014821894e+00
4.798960413310976669e+00
4.810630325752371483e+00
4.828614153963835420e+00
4.845326533634700894e+00
4.856940514944509069e+00
4.868144859797618018e+00
4.893391857491306673e+00
4.923536374129787063e+00
4.955078381295542123e+00
4.978886924816284143e+00
5.000270735618342677e+00
5.010135884363016601e+00
