0 0 0 0 0 0 0 0 0 0 0 0 0 0 0 0 0
0 0 0 0 0 0 0 0 0 0 0 0 0 0 0 0 0
0 0 0 0 0 0 0 0 0 0 0 0 0 0 0 0 0
0 0 0 0.006175273584 0 0 0 0 0 0 0 0 0 0 0 0 0
0 0 0 0 0.121458922994 0.135656269150 0.103463830206 0 0 0 0 0 0 0 0 0 0
0 0 0 0 0.175537319576 0.234269385500 0.218593190597 0.190394887819 0.163230690819 0.134794246094 0 0 0 0 0 0 0
0 0 0 0 0.178906308933 0.265322668659 0.290441697893 0.267207175873 0.237581864924 0.211040209180 0.187738989260 0.166053029620 0.144540473273 0 0 0 0
0 0 0 0 0 0.272709215265 0.312979311378 0.325534222965 0.301259736190 0.271569744567 0.245994920862 0.223294011545 0.203192135567 0.185154368710 0.168228120972 0.151602944551 0.134324543095
0 0 0 0 0 0.274479200910 0.318891901386 0.343952238269 0.349979055515 0.326499863532 0.298253960530 0.273373166089 0.251514403546 0.232248749758 0.214772688701 0.198785591596 0.184429135354
0 0 0 0 0 0.270978566752 0.321631298162 0.348731020779 0.365763039008 0.368100214298 0.346133699885 0.319440685859 0.295639452068 0.274540998182 0.255888307764 0.238993230985 0.223597854634
0 0 0 0 0 0.248359855433 0.322301751977 0.351380109884 0.369869095434 0.382026512066 0.382139348951 0.361687246793 0.336437220111 0.313835753311 0.293520607294 0.275826490284 0.259400698724
0 0 0 0 0 0 0.321109318690 0.352863242271 0.372290383376 0.385741115955 0.394645393337 0.393382412828 0.374552294145 0.351278540647 0.329354756387 0.310206644830 0.292698187653
0 0 0 0 0 0 0.318185967095 0.353453534069 0.373937106788 0.387882378787 0.398034247685 0.404748610650 0.402592368385 0.385193070331 0.363354562962 0.342829272067 0.324083598465
0 0 0 0 0 0 0.311323901009 0.353095544433 0.374855395010 0.389381288335 0.399927800484 0.407853358189 0.413012032447 0.410309615037 0.394148626249 0.373825683514 0.354277019637
0 0 0 0 0 0 0 0.351828158230 0.375334371244 0.390558445931 0.401425604833 0.409633412911 0.415938879350 0.419904635667 0.416866037497 0.401844868936 0.383034233679
0 0 0 0 0 0 0 0.349779509560 0.375486554212 0.391323415811 0.402595828685 0.410990432268 0.417519014041 0.422664505191 0.425739881965 0.422546005704 0.408440207255
0 0 0 0 0 0 0 0.346559889944 0.375030570720 0.391888163805 0.403457544926 0.412107044718 0.418800287469 0.424185624001 0.428389023696 0.430748201131 0.427528167225
