0 0 0 0 0 0 0 0 0 0 0 0 0 0 0 0 0
0 0 0 0 0 0 0 0 0 0 0 0 0 0 0 0 0
0 0 0 0 0 0 0 0 0 0 0 0 0 0 0 0 0
0 0 0 0.006175224906 0 0 0 0 0 0 0 0 0 0 0 0 0
0 0 0 0 0.121458922260 0.135656267775 0.103463614283 0 0 0 0 0 0 0 0 0 0
0 0 0 0 0.175537318158 0.234269385486 0.218593190996 0.190394887812 0.163230690756 0.134794245073 0 0 0 0 0 0 0
0 0 0 0 0.178906309052 0.265322668520 0.290441697875 0.267207175979 0.237581864924 0.211040209180 0.187738989259 0.166053029611 0.144540473211 0 0 0 0
0 0 0 0 0 0.272709214530 0.312979311342 0.325534222978 0.301259736239 0.271569744563 0.245994920862 0.223294011545 0.203192135567 0.185154368710 0.168228120970 0.151602944543 0.134324543053
0 0 0 0 0 0.274479200878 0.318891901369 0.343952238273 0.349979055518 0.326499863585 0.298253960463 0.273373166089 0.251514403546 0.232248749758 0.214772688701 0.198785591596 0.184429135354
0 0 0 0 0 0.270978566330 0.321631298162 0.348731020831 0.365763039014 0.368100214303 0.346133699903 0.319440685867 0.295639452068 0.274540998182 0.255888307764 0.238993230985 0.223597854634
0 0 0 0 0 0.248359794430 0.322301751975 0.351380109884 0.369869095397 0.382026512066 0.382139348946 0.361687246708 0.336437220156 0.313835753311 0.293520607294 0.275826490284 0.259400698724
0 0 0 0 0 0 0.321109318682 0.352863242271 0.372290383376 0.385741115953 0.394645393331 0.393382412840 0.374552294201 0.351278540684 0.329354756360 0.310206644830 0.292698187653
0 0 0 0 0 0 0.318185967048 0.353453534069 0.373937106788 0.387882378796 0.398034247688 0.404748610647 0.402592368389 0.385193070278 0.363354562980 0.342829272024 0.324083598465
0 0 0 0 0 0 0.311323900559 0.353095544432 0.374855395010 0.389381288335 0.399927800482 0.407853358182 0.413012032447 0.410309615043 0.394148626135 0.373825683482 0.354277019217
0 0 0 0 0 0 0 0.351828158228 0.375334371243 0.390558445931 0.401425604833 0.409633412928 0.415938879357 0.419904635671 0.416866037486 0.401844869121 0.383034233564
0 0 0 0 0 0 0 0.349779509551 0.375486554212 0.391323415811 0.402595828685 0.410990432268 0.417519014042 0.422664505203 0.425739881966 0.422546005705 0.408440207171
0 0 0 0 0 0 0 0.346559889902 0.375030570720 0.391888163805 0.403457544926 0.412107044718 0.418800287471 0.424185624017 0.428389023696 0.430748201132 0.427528167240
